Format danych:
Czas wyk, programu w ms [tab] Czas wyk, obliczen w ms [tab] Czas wyk, operacji na danych w ms

Linux Gnumeric:

Dane: Pliki z macierzami 300x300, 4 wątki:

47570,00000	770,00000	46800,00000	
47370,00000	700,00000	46670,00000	
47720,00000	770,00000	46950,00000	
46810,00000	690,00000	46120,00000	
47690,00000	730,00000	46960,00000	
47750,00000	730,00000	47020,00000	
47690,00000	730,00000	46960,00000	
47570,00000	750,00000	46820,00000	
47180,00000	740,00000	46440,00000	
47740,00000	710,00000	47030,00000

Dane: Pliki z macierzami 300x300, 2 wątki:

16180,00000	390,00000	15790,00000	
16080,00000	390,00000	15690,00000	
16080,00000	390,00000	15690,00000	
16240,00000	390,00000	15850,00000	
16200,00000	390,00000	15810,00000	
16160,00000	390,00000	15770,00000	
16230,00000	400,00000	15830,00000	
16290,00000	390,00000	15900,00000	
16190,00000	410,00000	15780,00000	
16080,00000	400,00000	15680,00000	

Dane: Pliki z macierzami 300x300, 1 wątek:	

10940,00000	290,00000	10650,00000	
10950,00000	290,00000	10660,00000	
10930,00000	290,00000	10640,00000	
10960,00000	290,00000	10670,00000	
10920,00000	290,00000	10630,00000	
11310,00000	300,00000	11010,00000	
10990,00000	290,00000	10700,00000	
11230,00000	290,00000	10940,00000	
10940,00000	290,00000	10650,00000	
11000,00000	300,00000	10700,00000	

Dane4: Pliki z macierzami 500x500, 4 wątki:

221070,00000	3120,00000	217950,00000	
217470,00000	3470,00000	214000,00000	
216770,00000	3370,00000	213400,00000	

Dane4: Pliki z macierzami 500x500, 2 wątki:

78970,00000	1920,00000	77050,00000	
76880,00000	1800,00000	75080,00000	
80230,00000	1810,00000	78420,00000

Dane4: Pliki z macierzami 500x500, 1 wątek:	
51140,00000	1370,00000	49770,00000	
51040,00000	1360,00000	49680,00000	
50730,00000	1360,00000	49370,00000	

Dane4: Pliki z macierzami 100x100, 4 wątki:	
1830,00000	20,00000	1810,00000	
1800,00000	40,00000	1760,00000	
1790,00000	30,00000	1760,00000	
1860,00000	30,00000	1830,00000	
1780,00000	30,00000	1750,00000	
1780,00000	10,00000	1770,00000	
1850,00000	30,00000	1820,00000	
1810,00000	50,00000	1760,00000	
1810,00000	30,00000	1780,00000	
1800,00000	10,00000	1790,00000	

Dane4: Pliki z macierzami 100x100, 2 wątki:	

620,00000	10,00000	610,00000	
620,00000	10,00000	610,00000	
610,00000	10,00000	600,00000	
760,00000	10,00000	750,00000	
620,00000	20,00000	600,00000	
1050,00000	20,00000	1030,00000	
640,00000	10,00000	630,00000	
670,00000	20,00000	650,00000	
620,00000	10,00000	610,00000	
700,00000	0,00000	700,00000	

Dane4: Pliki z macierzami 100x100, 1 wątek:	
420,00000	10,00000	410,00000	
420,00000	20,00000	400,00000	
410,00000	10,00000	400,00000	
410,00000	10,00000	400,00000	
410,00000	10,00000	400,00000	
420,00000	10,00000	410,00000	
420,00000	20,00000	400,00000	
420,00000	20,00000	400,00000	
420,00000	10,00000	410,00000	
410,00000	10,00000	400,00000

Dane4: Pliki z macierzami 100x100, 12 wątków:		
4570,00000	140,00000	4430,00000	
4560,00000	150,00000	4410,00000	
4620,00000	110,00000	4510,00000	
4530,00000	170,00000	4360,00000	
4570,00000	210,00000	4360,00000	
4490,00000	150,00000	4340,00000	
4540,00000	160,00000	4380,00000	
4540,00000	180,00000	4360,00000	
4560,00000	170,00000	4390,00000	
4480,00000	130,00000	4350,00000	
