Format danych:
Czas wyk, programu w ms [tab] Czas wyk, obliczen w ms [tab] Czas wyk, operacji na danych w ms

Linux RT:

Dane: Pliki z macierzami 300x300, 4 wątki:

46730,00000	730,00000	46000,00000	
48090,00000	740,00000	47350,00000	
46860,00000	700,00000	46160,00000	
48400,00000	760,00000	47640,00000	
47010,00000	740,00000	46270,00000	
48440,00000	720,00000	47720,00000	
47110,00000	750,00000	46360,00000	
46970,00000	710,00000	46260,00000	
47710,00000	760,00000	46950,00000	
47230,00000	800,00000	46430,00000	

Dane2: Pliki z macierzami 300x300, 2 wątki:

24620,00000	400,00000	24220,00000	
17660,00000	390,00000	17270,00000	
19590,00000	410,00000	19180,00000	
18490,00000	390,00000	18100,00000	
24660,00000	390,00000	24270,00000	
20860,00000	400,00000	20460,00000	
27760,00000	480,00000	27280,00000	
19120,00000	390,00000	18730,00000	
18580,00000	400,00000	18180,00000	
22990,00000	400,00000	22590,00000	

Dane3: Pliki z macierzami 300x300, 1 wątek:

10940,00000	290,00000	10650,00000	
10870,00000	300,00000	10570,00000	
10980,00000	290,00000	10690,00000	
10920,00000	290,00000	10630,00000	
10910,00000	290,00000	10620,00000	
10990,00000	290,00000	10700,00000	
10940,00000	300,00000	10640,00000	
10950,00000	290,00000	10660,00000	
10870,00000	300,00000	10570,00000	
11100,00000	300,00000	10800,00000	

Dane4: Pliki z macierzami 500x500, 4 wątki:

220780,00000	3550,00000	217230,00000	
224040,00000	3380,00000	220660,00000	
218700,00000	3250,00000	215450,00000	

Dane5: Pliki z macierzami 500x500, 2 wątki:

99920,00000	2180,00000	97740,00000	
110070,00000	2020,00000	108050,00000	
87860,00000	2100,00000	85760,00000	

Dane6: Pliki z macierzami 500x500, 1 wątek:

50440,00000	1360,00000	49080,00000	
50570,00000	1350,00000	49220,00000	
50390,00000	1350,00000	49040,00000	

Dane7: Pliki z macierzami 100x100, 4 wątki:

1840,00000	20,00000	1820,00000	
1830,00000	30,00000	1800,00000	
1720,00000	30,00000	1690,00000	
1800,00000	60,00000	1740,00000	
1830,00000	30,00000	1800,00000	
1780,00000	30,00000	1750,00000	
1790,00000	20,00000	1770,00000	
1790,00000	30,00000	1760,00000	
1750,00000	30,00000	1720,00000	
1830,00000	50,00000	1780,00000	

Dane8: Pliki z macierzami 100x100, 2 wątki:

1080,00000	20,00000	1060,00000	
630,00000	30,00000	600,00000	
620,00000	10,00000	610,00000	
730,00000	20,00000	710,00000	
1080,00000	20,00000	1060,00000	
1070,00000	10,00000	1060,00000	
1070,00000	30,00000	1040,00000	
640,00000	10,00000	630,00000	
630,00000	20,00000	610,00000	
920,00000	20,00000	900,00000	

Dane9: Pliki z macierzami 100x100, 1 wątek:

410,00000	10,00000	400,00000	
410,00000	10,00000	400,00000	
410,00000	10,00000	400,00000	
420,00000	10,00000	410,00000	
410,00000	10,00000	400,00000	
400,00000	10,00000	390,00000	
420,00000	20,00000	400,00000	
410,00000	10,00000	400,00000	
400,00000	10,00000	390,00000	
410,00000	10,00000	400,00000	

Dane10: Pliki z macierzami 100x100, 12 wątków:

4580,00000	140,00000	4440,00000	
4590,00000	180,00000	4410,00000	
4620,00000	170,00000	4450,00000	
4600,00000	130,00000	4470,00000	
4590,00000	140,00000	4450,00000	
4560,00000	80,00000	4480,00000	
4580,00000	160,00000	4420,00000	
4580,00000	130,00000	4450,00000	
4650,00000	240,00000	4410,00000	
4600,00000	170,00000	4430,00000	
